9 117 194305
9 117 194305
120 633 194305
411 1422 194305
633 2061 194305
1224 2487 194305
1422 2769 194305
1713 2991 194305
2061 3576 194305
2328 4917 194305
2487 6381 194305
2661 7914 194305
2769 8955 194305
2865 10353 194305
2991 13527 194305
0 0 152248
0 12 152248
0 12 152248
12 477 152248
12 1449 152248
12 2019 152248
105 3102 152248
477 4521 152248
900 5706 152248
1449 8820 152248
1536 11067 152248
2019 17067 152248
2226 26085 152248
3105 29958 152248
210 1143 132649
1143 6735 132649
2637 15459 132649
6744 18729 132649
11169 20016 132649
15459 21228 132649
17607 22395 132649
18729 27987 132649
19170 35970 132649
20016 38331 132649
20592 41856 132649
21231 44070 132649
22245 53688 132649
22395 61902 132649
3 90 33742
90 486 33742
144 3309 33742
489 5262 33742
2175 8280 33742
3309 10590 33742
4257 13908 33742
5262 19893 33742
6795 25671 33742
8280 28788 33742
9 117 198729
120 633 198729
411 1422 198729
633 2061 198729
1224 2487 198729
1422 2769 198729
1713 2991 198729
2061 3576 198729
2328 4917 198729
2487 6381 198729
2661 7914 198729
2769 8955 198729
2865 10353 198729
2991 13527 198729
0 0 156542
0 12 156542
0 12 156542
12 477 156542
12 1449 156542
12 2019 156542
105 3102 156542
477 4521 156542
900 5706 156542
1449 8820 156542
1536 11067 156542
2019 17067 156542
2226 26085 156542
3105 29958 156542
210 1143 136925
1143 6735 136925
2637 15459 136925
6744 18729 136925
11169 20016 136925
15459 21228 136925
17607 22395 136925
18729 27987 136925
19170 35970 136925
20016 38331 136925
20592 41856 136925
21231 44070 136925
22245 53688 136925
22395 61902 136925
3 90 36043
90 486 36043
144 3309 36043
489 5262 36043
2175 8280 36043
3309 10590 36043
4257 13908 36043
5262 19893 36043
6795 25671 36043
8280 28788 36043
9 117 202500
120 633 202500
411 1422 202500
633 2061 202500
1224 2487 202500
1422 2769 202500
1713 2991 202500
2061 3576 202500
2328 4917 202500
2487 6381 202500
2661 7914 202500
2769 8955 202500
2865 10353 202500
2991 13527 202500
0 0 160275
0 12 160275
0 12 160275
12 477 160275
12 1449 160275
12 2019 160275
105 3102 160275
477 4521 160275
900 5706 160275
1449 8820 160275
1536 11067 160275
2019 17067 160275
2226 26085 160275
3105 29958 160275
210 1143 140652
1143 6735 140652
2637 15459 140652
6744 18729 140652
11169 20016 140652
15459 21228 140652
17607 22395 140652
18729 27987 140652
19170 35970 140652
20016 38331 140652
20592 41856 140652
21231 44070 140652
22245 53688 140652
22395 61902 140652
3 90 38689
90 486 38689
144 3309 38689
489 5262 38689
2175 8280 38689
3309 10590 38689
4257 13908 38689
5262 19893 38689
6795 25671 38689
8280 28788 38689
9342 33783 38689
63 1089 1821
9 117 208670
120 633 208670
411 1422 208670
633 2061 208670
1224 2487 208670
1422 2769 208670
1713 2991 208670
2061 3576 208670
2328 4917 208670
2487 6381 208670
2661 7914 208670
2769 8955 208670
2865 10353 208670
2991 13527 208670
0 0 166210
0 12 166210
0 12 166210
12 477 166210
12 1449 166210
12 2019 166210
105 3102 166210
477 4521 166210
900 5706 166210
1449 8820 166210
1536 11067 166210
2019 17067 166210
2226 26085 166210
3105 29958 166210
210 1143 146557
1143 6735 146557
2637 15459 146557
6744 18729 146557
11169 20016 146557
15459 21228 146557
17607 22395 146557
18729 27987 146557
19170 35970 146557
20016 38331 146557
20592 41856 146557
21231 44070 146557
22245 53688 146557
22395 61902 146557
3 90 42041
90 486 42041
144 3309 42041
489 5262 42041
2175 8280 42041
3309 10590 42041
4257 13908 42041
5262 19893 42041
6795 25671 42041
8280 28788 42041
9342 33783 42041
63 1089 2910
9 117 216654
120 633 216654
411 1422 216654
633 2061 216654
1224 2487 216654
1422 2769 216654
1713 2991 216654
2061 3576 216654
2328 4917 216654
2487 6381 216654
2661 7914 216654
2769 8955 216654
2865 10353 216654
2991 13527 216654
0 0 173819
0 12 173819
0 12 173819
12 477 173819
12 1449 173819
12 2019 173819
105 3102 173819
477 4521 173819
900 5706 173819
1449 8820 173819
1536 11067 173819
2019 17067 173819
2226 26085 173819
3105 29958 173819
210 1143 154125
1143 6735 154125
2637 15459 154125
6744 18729 154125
11169 20016 154125
15459 21228 154125
17607 22395 154125
18729 27987 154125
19170 35970 154125
20016 38331 154125
20592 41856 154125
21231 44070 154125
22245 53688 154125
22395 61902 154125
3 90 45052
90 486 45052
144 3309 45052
489 5262 45052
2175 8280 45052
3309 10590 45052
4257 13908 45052
5262 19893 45052
6795 25671 45052
8280 28788 45052
9342 33783 45052
10602 41313 45052
63 1089 3244
1107 2382 3244
9 117 223400
120 633 223400
411 1422 223400
633 2061 223400
1224 2487 223400
1422 2769 223400
1713 2991 223400
2061 3576 223400
2328 4917 223400
2487 6381 223400
2661 7914 223400
2769 8955 223400
2865 10353 223400
2991 13527 223400
0 0 180236
0 12 180236
0 12 180236
12 477 180236
12 1449 180236
12 2019 180236
105 3102 180236
477 4521 180236
900 5706 180236
1449 8820 180236
1536 11067 180236
2019 17067 180236
2226 26085 180236
3105 29958 180236
210 1143 160454
1143 6735 160454
2637 15459 160454
6744 18729 160454
11169 20016 160454
15459 21228 160454
17607 22395 160454
18729 27987 160454
19170 35970 160454
20016 38331 160454
20592 41856 160454
21231 44070 160454
22245 53688 160454
22395 61902 160454
3 90 46855
90 486 46855
144 3309 46855
489 5262 46855
2175 8280 46855
3309 10590 46855
4257 13908 46855
5262 19893 46855
6795 25671 46855
8280 28788 46855
9342 33783 46855
10602 41313 46855
63 1089 3732
1107 2382 3732
9 117 225899
120 633 225899
411 1422 225899
633 2061 225899
1224 2487 225899
1422 2769 225899
1713 2991 225899
2061 3576 225899
2328 4917 225899
2487 6381 225899
2661 7914 225899
2769 8955 225899
2865 10353 225899
2991 13527 225899
0 0 182709
0 12 182709
0 12 182709
12 477 182709
12 1449 182709
12 2019 182709
105 3102 182709
477 4521 182709
900 5706 182709
1449 8820 182709
1536 11067 182709
2019 17067 182709
2226 26085 182709
3105 29958 182709
210 1143 162920
1143 6735 162920
2637 15459 162920
6744 18729 162920
11169 20016 162920
15459 21228 162920
17607 22395 162920
18729 27987 162920
19170 35970 162920
20016 38331 162920
20592 41856 162920
21231 44070 162920
22245 53688 162920
22395 61902 162920
3 90 48945
90 486 48945
144 3309 48945
489 5262 48945
2175 8280 48945
3309 10590 48945
4257 13908 48945
5262 19893 48945
6795 25671 48945
8280 28788 48945
9342 33783 48945
10602 41313 48945
63 1089 4896
1107 2382 4896
9 117 229653
120 633 229653
411 1422 229653
633 2061 229653
1224 2487 229653
1422 2769 229653
1713 2991 229653
2061 3576 229653
2328 4917 229653
2487 6381 229653
2661 7914 229653
2769 8955 229653
2865 10353 229653
2991 13527 229653
0 0 186291
0 12 186291
0 12 186291
12 477 186291
12 1449 186291
12 2019 186291
105 3102 186291
477 4521 186291
900 5706 186291
1449 8820 186291
1536 11067 186291
2019 17067 186291
2226 26085 186291
3105 29958 186291
210 1143 166460
1143 6735 166460
2637 15459 166460
6744 18729 166460
11169 20016 166460
15459 21228 166460
17607 22395 166460
18729 27987 166460
19170 35970 166460
20016 38331 166460
20592 41856 166460
21231 44070 166460
22245 53688 166460
22395 61902 166460
3 90 51130
90 486 51130
144 3309 51130
489 5262 51130
2175 8280 51130
3309 10590 51130
4257 13908 51130
5262 19893 51130
6795 25671 51130
8280 28788 51130
9342 33783 51130
10602 41313 51130
12507 45903 51130
63 1089 6082
1107 2382 6082
2121 4161 6082
9 117 232585
120 633 232585
411 1422 232585
633 2061 232585
1224 2487 232585
1422 2769 232585
1713 2991 232585
2061 3576 232585
2328 4917 232585
2487 6381 232585
2661 7914 232585
2769 8955 232585
2865 10353 232585
2991 13527 232585
0 0 189183
0 12 189183
0 12 189183
12 477 189183
12 1449 189183
12 2019 189183
105 3102 189183
477 4521 189183
900 5706 189183
1449 8820 189183
1536 11067 189183
2019 17067 189183
2226 26085 189183
3105 29958 189183
210 1143 169316
1143 6735 169316
2637 15459 169316
6744 18729 169316
11169 20016 169316
15459 21228 169316
17607 22395 169316
18729 27987 169316
19170 35970 169316
20016 38331 169316
20592 41856 169316
21231 44070 169316
22245 53688 169316
22395 61902 169316
3 90 53373
90 486 53373
144 3309 53373
489 5262 53373
2175 8280 53373
3309 10590 53373
4257 13908 53373
5262 19893 53373
6795 25671 53373
8280 28788 53373
9342 33783 53373
10602 41313 53373
12507 45903 53373
63 1089 7062
1107 2382 7062
2121 4161 7062
9 117 234870
120 633 234870
411 1422 234870
633 2061 234870
1224 2487 234870
1422 2769 234870
1713 2991 234870
2061 3576 234870
2328 4917 234870
2487 6381 234870
2661 7914 234870
2769 8955 234870
2865 10353 234870
2991 13527 234870
0 0 191434
0 12 191434
0 12 191434
12 477 191434
12 1449 191434
12 2019 191434
105 3102 191434
477 4521 191434
900 5706 191434
1449 8820 191434
1536 11067 191434
2019 17067 191434
2226 26085 191434
3105 29958 191434
210 1143 171564
1143 6735 171564
2637 15459 171564
6744 18729 171564
11169 20016 171564
15459 21228 171564
17607 22395 171564
18729 27987 171564
19170 35970 171564
20016 38331 171564
20592 41856 171564
21231 44070 171564
22245 53688 171564
22395 61902 171564
3 90 55427
90 486 55427
144 3309 55427
489 5262 55427
2175 8280 55427
3309 10590 55427
4257 13908 55427
5262 19893 55427
6795 25671 55427
8280 28788 55427
9342 33783 55427
10602 41313 55427
12507 45903 55427
13911 51162 55427
63 1089 7878
1107 2382 7878
2121 4161 7878
2382 6522 7878
9 117 238401
120 633 238401
411 1422 238401
633 2061 238401
1224 2487 238401
1422 2769 238401
1713 2991 238401
2061 3576 238401
2328 4917 238401
2487 6381 238401
2661 7914 238401
2769 8955 238401
2865 10353 238401
2991 13527 238401
0 0 194923
0 12 194923
0 12 194923
12 477 194923
12 1449 194923
12 2019 194923
105 3102 194923
477 4521 194923
900 5706 194923
1449 8820 194923
1536 11067 194923
2019 17067 194923
2226 26085 194923
3105 29958 194923
210 1143 175031
1143 6735 175031
2637 15459 175031
6744 18729 175031
11169 20016 175031
15459 21228 175031
17607 22395 175031
18729 27987 175031
19170 35970 175031
20016 38331 175031
20592 41856 175031
21231 44070 175031
22245 53688 175031
22395 61902 175031
3 90 57633
90 486 57633
144 3309 57633
489 5262 57633
2175 8280 57633
3309 10590 57633
4257 13908 57633
5262 19893 57633
6795 25671 57633
8280 28788 57633
9342 33783 57633
10602 41313 57633
12507 45903 57633
13911 51162 57633
63 1089 8315
1107 2382 8315
2121 4161 8315
2382 6522 8315
9 117 239245
120 633 239245
411 1422 239245
633 2061 239245
1224 2487 239245
1422 2769 239245
1713 2991 239245
2061 3576 239245
2328 4917 239245
2487 6381 239245
2661 7914 239245
2769 8955 239245
2865 10353 239245
2991 13527 239245
0 0 195632
0 12 195632
0 12 195632
12 477 195632
12 1449 195632
12 2019 195632
105 3102 195632
477 4521 195632
900 5706 195632
1449 8820 195632
1536 11067 195632
2019 17067 195632
2226 26085 195632
3105 29958 195632
210 1143 175638
1143 6735 175638
2637 15459 175638
6744 18729 175638
11169 20016 175638
15459 21228 175638
17607 22395 175638
18729 27987 175638
19170 35970 175638
20016 38331 175638
20592 41856 175638
21231 44070 175638
22245 53688 175638
22395 61902 175638
3 90 57929
90 486 57929
144 3309 57929
489 5262 57929
2175 8280 57929
3309 10590 57929
4257 13908 57929
5262 19893 57929
6795 25671 57929
8280 28788 57929
9342 33783 57929
10602 41313 57929
12507 45903 57929
13911 51162 57929
63 1089 8440
1107 2382 8440
2121 4161 8440
2382 6522 8440
2868 8025 8440
9 117 239567
120 633 239567
411 1422 239567
633 2061 239567
1224 2487 239567
1422 2769 239567
1713 2991 239567
2061 3576 239567
2328 4917 239567
2487 6381 239567
2661 7914 239567
2769 8955 239567
2865 10353 239567
2991 13527 239567
0 0 195795
0 12 195795
0 12 195795
12 477 195795
12 1449 195795
12 2019 195795
105 3102 195795
477 4521 195795
900 5706 195795
1449 8820 195795
1536 11067 195795
2019 17067 195795
2226 26085 195795
3105 29958 195795
210 1143 175681
1143 6735 175681
2637 15459 175681
6744 18729 175681
11169 20016 175681
15459 21228 175681
17607 22395 175681
18729 27987 175681
19170 35970 175681
20016 38331 175681
20592 41856 175681
21231 44070 175681
22245 53688 175681
22395 61902 175681
3 90 57938
90 486 57938
144 3309 57938
489 5262 57938
2175 8280 57938
3309 10590 57938
4257 13908 57938
5262 19893 57938
6795 25671 57938
8280 28788 57938
9342 33783 57938
10602 41313 57938
12507 45903 57938
13911 51162 57938
63 1089 8449
1107 2382 8449
2121 4161 8449
2382 6522 8449
2868 8025 8449
4161 8190 8449
9 117 242208
120 633 242208
411 1422 242208
633 2061 242208
1224 2487 242208
1422 2769 242208
1713 2991 242208
2061 3576 242208
2328 4917 242208
2487 6381 242208
2661 7914 242208
2769 8955 242208
2865 10353 242208
2991 13527 242208
0 0 198379
0 12 198379
0 12 198379
12 477 198379
12 1449 198379
12 2019 198379
105 3102 198379
477 4521 198379
900 5706 198379
1449 8820 198379
1536 11067 198379
2019 17067 198379
2226 26085 198379
3105 29958 198379
210 1143 178242
1143 6735 178242
2637 15459 178242
6744 18729 178242
11169 20016 178242
15459 21228 178242
17607 22395 178242
18729 27987 178242
19170 35970 178242
20016 38331 178242
20592 41856 178242
21231 44070 178242
22245 53688 178242
22395 61902 178242
3 90 59777
90 486 59777
144 3309 59777
489 5262 59777
2175 8280 59777
3309 10590 59777
4257 13908 59777
5262 19893 59777
6795 25671 59777
8280 28788 59777
9342 33783 59777
10602 41313 59777
12507 45903 59777
13911 51162 59777
63 1089 8931
1107 2382 8931
2121 4161 8931
2382 6522 8931
2868 8025 8931
4161 8190 8931
9 117 243281
120 633 243281
411 1422 243281
633 2061 243281
1224 2487 243281
1422 2769 243281
1713 2991 243281
2061 3576 243281
2328 4917 243281
2487 6381 243281
2661 7914 243281
2769 8955 243281
2865 10353 243281
2991 13527 243281
0 0 199210
0 12 199210
0 12 199210
12 477 199210
12 1449 199210
12 2019 199210
105 3102 199210
477 4521 199210
900 5706 199210
1449 8820 199210
1536 11067 199210
2019 17067 199210
2226 26085 199210
3105 29958 199210
210 1143 178802
1143 6735 178802
2637 15459 178802
6744 18729 178802
11169 20016 178802
15459 21228 178802
17607 22395 178802
18729 27987 178802
19170 35970 178802
20016 38331 178802
20592 41856 178802
21231 44070 178802
22245 53688 178802
22395 61902 178802
3 90 60182
90 486 60182
144 3309 60182
489 5262 60182
2175 8280 60182
3309 10590 60182
4257 13908 60182
5262 19893 60182
6795 25671 60182
8280 28788 60182
9342 33783 60182
10602 41313 60182
12507 45903 60182
13911 51162 60182
63 1089 9125
1107 2382 9125
2121 4161 9125
2382 6522 9125
2868 8025 9125
4161 8190 9125
5586 9072 9125
9 117 243742
120 633 243742
411 1422 243742
633 2061 243742
1224 2487 243742
1422 2769 243742
1713 2991 243742
2061 3576 243742
2328 4917 243742
2487 6381 243742
2661 7914 243742
2769 8955 243742
2865 10353 243742
2991 13527 243742
0 0 199515
0 12 199515
0 12 199515
12 477 199515
12 1449 199515
12 2019 199515
105 3102 199515
477 4521 199515
900 5706 199515
1449 8820 199515
1536 11067 199515
2019 17067 199515
2226 26085 199515
3105 29958 199515
210 1143 178973
1143 6735 178973
2637 15459 178973
6744 18729 178973
11169 20016 178973
15459 21228 178973
17607 22395 178973
18729 27987 178973
19170 35970 178973
20016 38331 178973
20592 41856 178973
21231 44070 178973
22245 53688 178973
22395 61902 178973
3 90 60263
90 486 60263
144 3309 60263
489 5262 60263
2175 8280 60263
3309 10590 60263
4257 13908 60263
5262 19893 60263
6795 25671 60263
8280 28788 60263
9342 33783 60263
10602 41313 60263
12507 45903 60263
13911 51162 60263
63 1089 9179
1107 2382 9179
2121 4161 9179
2382 6522 9179
2868 8025 9179
4161 8190 9179
5586 9072 9179
9 117 244859
120 633 244859
411 1422 244859
633 2061 244859
1224 2487 244859
1422 2769 244859
1713 2991 244859
2061 3576 244859
2328 4917 244859
2487 6381 244859
2661 7914 244859
2769 8955 244859
2865 10353 244859
2991 13527 244859
0 0 200233
0 12 200233
0 12 200233
12 477 200233
12 1449 200233
12 2019 200233
105 3102 200233
477 4521 200233
900 5706 200233
1449 8820 200233
1536 11067 200233
2019 17067 200233
2226 26085 200233
3105 29958 200233
210 1143 179613
1143 6735 179613
2637 15459 179613
6744 18729 179613
11169 20016 179613
15459 21228 179613
17607 22395 179613
18729 27987 179613
19170 35970 179613
20016 38331 179613
20592 41856 179613
21231 44070 179613
22245 53688 179613
22395 61902 179613
3 90 60731
90 486 60731
144 3309 60731
489 5262 60731
2175 8280 60731
3309 10590 60731
4257 13908 60731
5262 19893 60731
6795 25671 60731
8280 28788 60731
9342 33783 60731
10602 41313 60731
12507 45903 60731
13911 51162 60731
63 1089 9489
1107 2382 9489
2121 4161 9489
2382 6522 9489
2868 8025 9489
4161 8190 9489
5586 9072 9489
9 117 246371
120 633 246371
411 1422 246371
633 2061 246371
1224 2487 246371
1422 2769 246371
1713 2991 246371
2061 3576 246371
2328 4917 246371
2487 6381 246371
2661 7914 246371
2769 8955 246371
2865 10353 246371
2991 13527 246371
0 0 201278
0 12 201278
0 12 201278
12 477 201278
12 1449 201278
12 2019 201278
105 3102 201278
477 4521 201278
900 5706 201278
1449 8820 201278
1536 11067 201278
2019 17067 201278
2226 26085 201278
3105 29958 201278
210 1143 180201
1143 6735 180201
2637 15459 180201
6744 18729 180201
11169 20016 180201
15459 21228 180201
17607 22395 180201
18729 27987 180201
19170 35970 180201
20016 38331 180201
20592 41856 180201
21231 44070 180201
22245 53688 180201
22395 61902 180201
3 90 60895
90 486 60895
144 3309 60895
489 5262 60895
2175 8280 60895
3309 10590 60895
4257 13908 60895
5262 19893 60895
6795 25671 60895
8280 28788 60895
9342 33783 60895
10602 41313 60895
12507 45903 60895
13911 51162 60895
63 1089 9567
1107 2382 9567
2121 4161 9567
2382 6522 9567
2868 8025 9567
4161 8190 9567
5586 9072 9567
6522 9372 9567
9 117 247355
120 633 247355
411 1422 247355
633 2061 247355
1224 2487 247355
1422 2769 247355
1713 2991 247355
2061 3576 247355
2328 4917 247355
2487 6381 247355
2661 7914 247355
2769 8955 247355
2865 10353 247355
2991 13527 247355
0 0 201999
0 12 201999
0 12 201999
12 477 201999
12 1449 201999
12 2019 201999
105 3102 201999
477 4521 201999
900 5706 201999
1449 8820 201999
1536 11067 201999
2019 17067 201999
2226 26085 201999
3105 29958 201999
210 1143 180857
1143 6735 180857
2637 15459 180857
6744 18729 180857
11169 20016 180857
15459 21228 180857
17607 22395 180857
18729 27987 180857
19170 35970 180857
20016 38331 180857
20592 41856 180857
21231 44070 180857
22245 53688 180857
22395 61902 180857
3 90 61364
90 486 61364
144 3309 61364
489 5262 61364
2175 8280 61364
3309 10590 61364
4257 13908 61364
5262 19893 61364
6795 25671 61364
8280 28788 61364
9342 33783 61364
10602 41313 61364
12507 45903 61364
13911 51162 61364
63 1089 9793
1107 2382 9793
2121 4161 9793
2382 6522 9793
2868 8025 9793
4161 8190 9793
5586 9072 9793
6522 9372 9793
9 117 247917
120 633 247917
411 1422 247917
633 2061 247917
1224 2487 247917
1422 2769 247917
1713 2991 247917
2061 3576 247917
2328 4917 247917
2487 6381 247917
2661 7914 247917
2769 8955 247917
2865 10353 247917
2991 13527 247917
0 0 202391
0 12 202391
0 12 202391
12 477 202391
12 1449 202391
12 2019 202391
105 3102 202391
477 4521 202391
900 5706 202391
1449 8820 202391
1536 11067 202391
2019 17067 202391
2226 26085 202391
3105 29958 202391
210 1143 181097
1143 6735 181097
2637 15459 181097
6744 18729 181097
11169 20016 181097
15459 21228 181097
17607 22395 181097
18729 27987 181097
19170 35970 181097
20016 38331 181097
20592 41856 181097
21231 44070 181097
22245 53688 181097
22395 61902 181097
3 90 61465
90 486 61465
144 3309 61465
489 5262 61465
2175 8280 61465
3309 10590 61465
4257 13908 61465
5262 19893 61465
6795 25671 61465
8280 28788 61465
9342 33783 61465
10602 41313 61465
12507 45903 61465
13911 51162 61465
63 1089 9836
1107 2382 9836
2121 4161 9836
2382 6522 9836
2868 8025 9836
4161 8190 9836
5586 9072 9836
6522 9372 9836
7503 9756 9836
9 117 248568
120 633 248568
411 1422 248568
633 2061 248568
1224 2487 248568
1422 2769 248568
1713 2991 248568
2061 3576 248568
2328 4917 248568
2487 6381 248568
2661 7914 248568
2769 8955 248568
2865 10353 248568
2991 13527 248568
0 0 202977
0 12 202977
0 12 202977
12 477 202977
12 1449 202977
12 2019 202977
105 3102 202977
477 4521 202977
900 5706 202977
1449 8820 202977
1536 11067 202977
2019 17067 202977
2226 26085 202977
3105 29958 202977
210 1143 181659
1143 6735 181659
2637 15459 181659
6744 18729 181659
11169 20016 181659
15459 21228 181659
17607 22395 181659
18729 27987 181659
19170 35970 181659
20016 38331 181659
20592 41856 181659
21231 44070 181659
22245 53688 181659
22395 61902 181659
3 90 61818
90 486 61818
144 3309 61818
489 5262 61818
2175 8280 61818
3309 10590 61818
4257 13908 61818
5262 19893 61818
6795 25671 61818
8280 28788 61818
9342 33783 61818
10602 41313 61818
12507 45903 61818
13911 51162 61818
63 1089 9936
1107 2382 9936
2121 4161 9936
2382 6522 9936
2868 8025 9936
4161 8190 9936
5586 9072 9936
6522 9372 9936
7503 9756 9936
8025 9936 9936
